01989361
09508180
12087006
05897889
03772931
SL023316
11465788
12054466
08192239
00477989
09318305
02340449
09965165
11092749
10932569
12129344
11866379
09865224
10214734
LP017570
09564405
07041745
08640332
09756336
06739514
11024136
12210782
11857442
07915430
00672792
11611053
10256571
01706966
09425683
03554996
11188165
11465140
11733775
FC032329
03416514
SC610376
08684256
11209240
SC633176
06729521
06454243
05980096
OC422043
09330416
09941096
07903557
10139558
12293733
11000362
08927574
06134222
03150331
07580878
07742588
11089808
10167552
11496416
12164463
10059594
09322560
09298156
07421065
12198640
03260093
11424277
10954566
12246615
11859927
11709372
09281491
10222550
11601372
11990041
10898849
SL006762
CE006760
11663449
11954985
10727605
07074472
11296118
10971306
04771037
06685156
09521234
09016358
07400118
05597373
11746490
11599712
07094355
08442723
12188775
11248228
03737435
10942920
11759837
10715273
05247108
01651893
03741776
10988165
SL030999
11639601
11638365
01745181
08553625
03917768
11057509
NI664565
11913168
04171904
01623770
04983810
03324659
11136281
10911816
11634661
10053214
SC567350
10170302
09678173
10956227
10678595
12292532
12107959
08048285
11584785
01219511
11293471
11183566
05254546
10608418
10947631
10306797
10783298
08681362
02448308
06603147
09420853
08673982
11638940
10111200
SC592315
04596940
07427289
11367460
07022574
SC630928
09746445
04203396
SC541139
10463071
11582412
SO305939
11610593
05647218
08901168
05397019
06105376
12308196
02034189
08445030
SL013609
06058303
09506785
11247689
11783728
SC347594
09275974
10379554
10995870
09488820
SC641325
10612378
10879397
07259583
06226756
07661783
09518673
11745280
08604856
IP29225R
02638510
11505986
09895698
02561301
07637336
04937479
09202857
07577608
01829889
09403638
10082731
11134478
08032252
11155195
11484045
11922036
00675320
10702411
10381764
07829191
10449385
11904679
SC506152
SC141667
SC450295
11745408
LP014510
11534740
09415862
06310217
10276988
SC542946
11274428
12075662
10497268
06084986
03618185
11331056
10894136
11838091
07574198
09247662
08891330
08725215
11808723
11389187
10199054
05982433
08026045
SC556611
11741778
OC398597
01806905
SC393292
12014826
06632067
12108931
03207685
05752581
05998970
SL002907
10223731
11825780
11477801
09650683
07746131
09666429
03539595
05491110
11984700
12113931
04310976
SC180835
09123544
11468833
02396416
04625611
11444678
10969547
12252161
11670435
11590359
06687925
11485026
12090366
10232663
11532170
11667995
SC601606
08131422
11861481
12107468
SC316487
04621658
OC422864
07614422
07526209
OC400264
08924822
06635515
10513540
10042010
01810214
09996274
10488393
12182807
11974332
11163335
10743729
10575047
11963214
07494296
11987562
07008875
04246934
10902367
10523292
11005262
01297105
10131091
08150659
SC611744
02236662
11614801
02045948
11703674
10850698
11335159
11708042
CE014031
02569845
07277651
12046460
02658335
11879818
11863360
11654375
03039474
06676670
10547941
02632811
11546635
10326535
11883176
06070448
07821575
05241997
11990282
SC488525
12309218
11517065
11941649
11125379
10862725
10497285
SC498750
06999494
02669720
08077412
09968532
09869722
07332392
12107234
02646305
05474237
SC601938
09179704
06899164
02573801
10966830
09169438
08227700
08502600
10416223
10480076
11750298
11237520
06762526
07726990
06205819
03022709
09880066
09517829
10041745
06457766
11835772
12044991
04620546
OC316265
10920648
12073497
03488952
07550190
09175081
11387939
11199297
01807840
11282903
07075049
03670240
10790473
00084884
07386395
11060737
11743159
09800549
09482508
11680026
11686871
07505270
05763645
11069302
10024764
07208276
09115827
03654446
08359171
04451064
03410275
08719797
SC023506
05072246
10581383
08958405
11552685
05307278
07664931
09747072
12248648
08210197
09116137
11291558
06204786
12210675
12124851
11936621
11342962
03308119
08768455
10849702
06109299
03208577
SC564415
12110496
11412770
09484035
11496205
09011324
03066270
08400665
09909308
NI072101
07423760
08999843
04947399
12113265
09629814
01142159
11035968
11651757
10729111
04163032
10760040
10887494
08941006
11071497
10648215
05354108
10770903
08938834
12027008
05851768
03454598
04850594
09114191
03845956
11347786
11606704
05692085
06612739
08790669
10474071
10357304
09753131
08920589
08928002
12257619
11420160
08580943
08375391
09049747
10137706
SC418970
09079439
11931340
08482003
11835388
04223446
08634777
12124402
02493724
10188044
10200519
10024742
04683947
08378447
07709333
01671914
08464862
IP19936R
11997521
10829460
00980225
11357457
10027962
07393102
08854782
11541433
01527662
10826909
11770011
11432213
SC077424
08140641
NI011652
06179867
OC414040
07468979
11882019
03338664
SC632061
03865405
08299334
NI657628
SC591674
12087313
00712357
08517824
10794404
11555047
08861740
00496381
12299937
11938574
FC015710
10943705
09295960
09776232
11954336
SC634841
10790094
08032547
07367454
02043751
09738344
09430299
07906899
11324981
03496434
04979352
10147994
08557917
09798879
11448896
02823453
06032100
10475836
06513289
07343690
05951754
07501824
12315762
SC213966
05182337
OC393317
10923526
09761657
09540709
01165736
09915701
08184295
10883844
02360153
10702487
11965857
09741140
10910649
09794277
NI030450
11845062
10534176
SP02280R
11707392
08209691
12091817
12031128
12332329
10794191
12148893
06844654
12269394
04383538
11976499
SC199371
09416693
05221802
10668730
10291803
OC384011
07526103
09614380
IP000163
SC449902
12262461
09510161
04724479
10409910
SC550145
03734079
10590742
11569560
09030926
06715082
08849355
06975982
12183184
07906357
10702731
09178642
09242787
12262530
10738439
06985323
01567605
05972489
11650699
09719218
NI043385
04805944
09988172
06743322
11842814
NI633136
07949761
05847975
11373813
10942847
12285146
06039541
09444975
02301982
04742750
01954244
09280819
02916778
09078336
11895426
05885458
03555884
10211395
06683187
03048844
00410752
11417659
08234967
01368610
07232815
08364283
06255988
SC628972
02914398
02056699
11192683
07090185
06386421
09882664
10759115
10443302
07276107
10212823
12088098
03119139
06288078
08139542
08928471
11131663
05677818
10986886
01691088
10247142
10509633
SC286576
SC513815
SC472669
06063320
09712541
07250133
10650111
07951355
09301038
11714842
12045089
04644794
02509665
SC607141
11831017
12176747
04087392
11194774
08083695
07200753
11032591
12105299
05451295
09604609
08576369
02942658
04069327
03949523
11251824
06565720
10233428
10923550
12313060
07857997
06435388
11686454
08743827
03043787
SC553777
03886439
08238929
10320996
08264721
12176608
NI651095
05596475
09452515
12210707
06459810
05186718
02540478
01056472
10030739
11662285
12241909
11510238
07826395
11946800
11228014
00516589
09944585
06594365
11917484
09754658
04139347
03149384
LP010307
09032900
07507886
10586628
07316849
06412777
05727870
11391479
09207970
SC414395
10312299
10754616
11407738
11412269
12025945
12294080
08854497
05841567
08164105
09491636
11885157
SC561022
09406273
08926110
SC579923
03199874
05993504
11403779
10029852
OC347432
NC001563
09717141
09951156
12202643
05733081
11807287
11001689
08552361
01696905
00755134
11681250
05208805
11891464
07610560
09858084
10591230
07016084
07206889
12034913
04910301
12091542
04871746
SC570778
10625418
03892522
08925958
03591225
11855748
11561130
11478351
10584077
06370334
10218727
09361890
09964406
09578626
01453675
10307286
11938239
SC087898
07858921
11197106
07755562
08142623
09593888
05582661
OC310997
11098912
05077777
03603553
09893402
12279027
10322251
11224205
03431611
10993692
03642345
NI607607
06834093
08823396
03240119
09589545
11482201
06555715
05314351
OC420910
02955922
11155212
08618106
09271128
10730570
OC419857
05337106
10796743
02042664
00609194
10981390
11502736
08310863
05829941
09845230
03173991
11216212
07709833
00994582
10077080
11780942
12071825
11883593
04230990
10990197
08069653
02396126
10158896
10859593
06544244
03645124
11423723
01840939
11888408
06635172
12237272
09189495
SC295682
11570085
10709141
09578976
10442286
SL029625
10529390
11611675
11614950
08070696
12083781
02484335
08031519
08824154
11972196
10601510
04269055
08718383
12264051
09136986
09902178
08058462
05129360
09261823
11352391
11912955
11245598
12062749
10187871
11627095
01344115
11112802
05757764
11866419
07486024
12039184
11957108
04448902
10226662
08001588
11430161
NI654583
03486934
06426219
06636368
07501737
03120796
09971478
07217998
08104178
SC562943
11583438
SC348803
04335424
SC640132
09400586
11364837
11256042
05595741
03588124
11751514
NI659002
10485750
11535644
07521616
08260231
10354784
11033614
08573740
NI628663
12140434
SC538826
09750907
09227334
NI650340
12221265
11649119
06896768
11801575
10646157
05156537
12163614
06367081
11640894
05484978
04997933
OC372199
06546100
11566260
01654032
10891625
10732402
12204866
06965653
SC414121
08913999
06404711
11848805
04530793
11261666
11743835
08798807
OC380756
05321517
05441057
05152219
08555473
04360938
12185857
12127477
06365366
12287010
SC589779
SC180076
05902755
05547090
07437343
11982834
12271263
08595877
10448215
03851134
11042331
SC612342
08921671
06981910
12052023
08104887
00753813
09084966
04330168
09225527
07228063
11676425
SC647133
11250745
11834012
09595578
11429374
05417531
06612848
09877605
10274344
08245394
11319761
OC394802
09463847
11788904
09012017
12017130
05979186
10461618
11234800
09306219
03331803
NI034964
10484333
10059460
07351352
12189557
09244230
12321770
06987201
08622545
11515706
NI036860
10219550
11663146
05387116
07298087
09237772
02191633
09271153
11464645
CE019710
10108914
06458054
11027498
07675325
11322510
05182148
11075071
06736402
09433802
06031315
10486878
10890598
10354143
11261838
00304047
05835121
10717117
SC493676
06358559
08587322
05855546
10432897
12316368
09719856
07278867
09988022
11589170
11435888
10590843
10483456
04566424
06454161
12105228
04665848
06861178
08826413
LP010046
10266370
11207551
11704525
07518368
12263954
10248096
06154854
10188750
11836757
04428598
12032979
04885779
05670514
02042866
12016823
01602661
12310970
11107362
11901113
SC632478
09020335
04930602
OC325582
10840097
11186419
09940052
09943456
09433763
05716128
09935863
09711129
11435718
06691155
07845915
11351620
04609906
03092723
11823547
10558481
08479955
10367208
09969055
06234155
05841737
08388681
09329204
10393970
06047292
09898208
05188159
10277350
01508524
08557823
12026921
11518922
SC532935
07429073
10668186
04159569
11259027
07580432
02513497
12006958
12297048
06340017
08818904
10013293
09463604
11591887
00743127
08532318
11843027
00944073
06613582
08584252
12009829
SC438723
08858558
SC587199
11149508
10934222
07285386
08078891
12122446
12331158
07144446
10673167
SC638718
11376693
12225386
07323228
06971644
09481050
09011345
09109998
07438344
05378104
09444936
04556652
11584116
08048270
05104476
08518498
06283079
11045953
07584943
SC600030
SC099947
10008911
11490649
SC371917
09902859
04485978
08960015
02803851
SC524745
CE016288
10246143
07004882
09573818
08983617
06136499
12054693
12252495
SC647436
FC034010
11832907
07656503
03660294
10898064
05840367
10375239
08718289
11574414
OC329655
SC432520
09787485
09947155
12165163
10349782
10017289
10446330
11272527
10603386
07568753
02150378
05720445
03451707
03122811
11577641
10997045
09496728
SC308455
11654701
06764855
07273458
02553654
09028310
08888559
12071599
IP031673
06321968
07549082
09450945
11552983
12295712
09365960
05462415
09293797
05297291
09178957
12073194
12136220
11285305
03233538
11727901
09838182
11550130
SC544743
00387741
11775928
09440428
10859569
02578104
07971443
09014938
12290114
08170183
05948311
10204331
09982478
FC030982
05480334
07490746
07353024
LP020307
01323185
11572465
SC586592
07066807
04641311
SC405575
08987007
07918232
08989724
08689622
09436271
11695906
09203991
08943460
05573340
NI059590
11971500
11771732
08754904
12076699
11587895
07198625
08290122
08599406
SC561674
10922340
10633665
09864578
11058611
03304914
02812068
09308315
12141237
11515285
08966412
08670550
09440433
04733376
08645934
05890978
11544438
11513778
11247467
05072428
09085878
11266052
09602202
08104773
06404391
04431779
SC530748
10646654
11652404
07851215
01683707
09555642
08546594
11035654
06556038
07739386
07123184
08093081
12079865
04173773
12192514
01981585
08008004
10530671
04701394
06218027
07719415
11648445
08316521
10838171
10233460
05792986
SC603142
11141160
05575498
08062259
11075696
11024816
05396489
11214687
SC051022
10338406
08301513
09499604
01125164
11163711
04363066
12022183
10783203
08914167
10624670
04449912
11557713
07679979
NI648400
10833475
02574270
07747181
03978287
12010518
11267711
10372269
10696130
SL008388
05646996
06480419
07477853
11617464
01850104
06705661
SC575994
04475241
09197992
11183202
01603273
CE015685
04108241
11788237
07739526
SC598151
11824088
11404803
12328151
02935906
08005300
OC326564
02826775
06753711
10179886
10415029
11445279
08595164
05530859
07370840
04691445
NI649803
11165297
08542011
03602873
04029877
10516552
11106004
04645276
10746382
08234234
03968852
08449943
SC554131
11254947
11104087
09129438
10113073
10123365
02130182
02140296
SC593409
12012239
08089762
07194656
SC619895
11787989
10641793
03185249
06792370
06328900
06488873
03968781
08127740
09012339
12317953
IP14326R
05613357
07021925
11667727
11615567
09032439
10483995
12173812
08686973
12317390
NI038690
11464240
06178168
SL009711
07854370
10445035
04825414
09230709
09244815
11998434
SC152882
09452105
03050516
10107043
SC384320
11674199
04669665
07867978
12185034
11250771
08851458
SC593147
NI649245
10914057
09675125
09923874
12301407
11466847
11297033
09430846
11659037
11778587
11122790
11377982
08403416
11787819
11310587
12012828
08749191
11750257
05420457
06542508
11569248
11569987
05085498
11596186
08820072
11714449
08492331
09455477
OC418537
07899798
11007516
07637085
NI058568
06745902
05365412
07943337
11987073
10348097
10952992
LP011062
OC381319
09469737
07776586
11098974
04012440
03072135
08997242
10813593
08396131
10780086
09390588
11343138
10843401
11233929
02647944
05324580
00896747
11958165
11570750
07670562
10706946
07116210
10274192
03697690
10732280
09844411
12010790
10703014
10892173
11802794
SC530530
02388301
09713200
12195034
07172985
09057471
07475935
FC005123
11878045
04808600
07659086
07253563
11025391
11481156
04465447
11744841
03294225
07241143
05368939
01616922
04184663
SO305299
11689659
10146877
01769550
08093011
10254477
01661686
11479429
02579323
11971113
IP023949
06795527
02613489
10194801
05927874
10885373
11087550
09486883
11757037
07768120
05218284
09195837
11555185
11073985
09676498
07447708
03148700
03939370
00489050
04839586
07098812
01319038
07982629
04816484
11195526
05027118
SL030735
12268909
11393192
11212747
07744487
11107312
11866549
02594103
NI615861
06969740
SL008176
07282367
SO306724
09590153
11537049
05382367
04190648
NF003160
11851043
FC034298
12269101
12211259
09239103
09783160
11267087
11511608
05642486
12193266
07221439
11581530
SC646280
11783496
04538949
04980269
12217277
11091399
05250150
CE005947
SC592907
NI619157
08810371
SC532353
06244158
11990374
00963167
07551067
11837463
11961946
07006307
08534160
11007306
03111975
10446213
06207340
10839983
NI665923
09552755
07391063
12011146
11292654
08739582
05913403
SC596432
10120890
10356379
10162751
SC316471
05181169
09745902
10138528
09281693
09069277
11127767
07563171
06287579
08842813
10032382
10501169
02670659
08927790
10538633
04492974
SC288823
NI606671
06622907
11291332
10719844
10897197
08749597
08755427
03475078
11997576
11592863
06828838
01789316
09864285
06318718
09416648
07247274
09861951
10622079
10415428
06838313
06310761
07879469
00358700
12186909
02812196
11357930
12311084
03479204
12002554
03328997
09514853
09075937
11223645
11501483
04629188
CE012081
CE019457
SC112787
08290914
10922872
12027268
03755518
11336355
11841147
09365497
05158578
05568547
06688188
12054032
SL001599
09012758
12290921
03870905
04475223
11053335
11225948
07595913
05114898
10647979
10684817
04925399
05015663
12006351
10764946
10340240
03322074
10772510
10966846
08103487
04080130
12025738
10917562
06656862
SC581796
10729176
11952061
04422672
11935688
03429396
11071149
01009132
SC055215
10816933
SC557414
12029040
04086484
10535012
00430970
08373931
10522148
07665608
12022424
11478243
08513708
02997361
05841460
10323859
12216279
NI037444
09500975
05231769
07380024
11104354
12046394
11259176
10275820
11372320
11197670
OC407202
08661418
10927738
10277090
10651367
SL026073
01000638
11410465
11698564
07958508
03733204
09202872
SC367803
07357856
08719767
07191382
SC554797
11465909
11735303
11051891
11126328
11522442
10911604
07112444
11626263
11246875
03781428
05275301
12033563
10210108
07961531
SC506890
11279820
12236335
09945519
11717918
06167523
11492851
12050809
11533423
11875822
09756245
08478299
08895665
NI659196
09551915
10997402
08603331
09060109
07357934
08897475
07292288
02995997
10943837
07976641
12165220
11283837
03983871
07571407
06144368
11506993
04996137
09252539
05423646
03629478
04124946
04744543
11105936
05271399
11885132
05102648
SC599773
03109601
NI623132
01821587
11322644
06186480
06630392
09973471
11455190
09398792
10588750
11779595
08378106
07569600
10915266
11927916
09098628
03487927
10593765
01042632
OC349878
06392580
10727677
12090725
09443112
11724674
03322898
11969118
01448160
06050513
03849511
08294325
09440579
04854885
04629234
12021407
CS000295
04285396
06825325
08204635
07809360
11994949
10419548
11087461
11383556
05600242
10634071
05651265
11941019
09311380
09918382
SC470054
03778525
11762519
06244281
03782047
09662351
SC353054
09963323
11847507
11555625
04574248
03021486
10730997
10057011
12176606
07358250
08523213
10621821
11009384
12118189
04930131
09957616
10135389
10102476
LP012155
09144862
12143926
05314812
05400813
12036686
10422723
02314729
06197793
02351792
11578390
04430953
09113635
06904098
11639205
11819237
10157712
12177004
11485777
08145869
03005309
08861259
09994752
11727539
09496936
11225061
NI633790
08198067
03669265
08010238
10187592
OC424804
09982115
09746929
07176138
06959175
12054869
04130062
04009808
08374917
09127955
06943140
12123730
02462209
05338816
SL003552
08787036
09911334
03860211
06516127
07196759
07331896
10372074
07874830
10739713
11923217
00953237
NI646218
10095015
03420248
11941236
08243728
11448989
NI623797
09835444
10519263
12206364
05835413
10897819
12135073
11264751
08362468
01447022
11915546
11345054
SC562942
09918794
11917252
12137689
09303703
06705219
09031384
11641655
OC373031
11105867
12016278
06825081
10341121
07290820
10206724
08728193
10163426
11978038
06714507
11715826
10877351
07824419
11883816
04931384
11446111
11307866
10366767
11902540
08801042
10054499
SC633349
11233018
09170718
11955349
11957035
11764714
SC560373
11522094
11873735
07954944
10366077
11450206
11653934
SC514806
06315610
SC592733
OC389341
11689600
11747304
12161816
10269995
08825802
03885676
09685094
12062990
00505212
10029048
11204022
11060074
SC508806
11540574
10189089
07687557
10088618
03819202
11191582
08265706
12271391
12135568
07725966
12058818
06605638
08943950
07407862
SC627586
10767984
07142634
11734331
02167028
11799480
07490491
09035479
12331058
11633665
12020940
05939323
06032569
09417562
11373241
11951231
10334769
07452768
05792377
11854332
08990171
10210689
11765805
02792227
SC630350
10205788
06552767
04063290
11145820
SL027598
10494322
04215986
10817654
07510558
06751158
03523008
02008159
05477339
08917755
03293654
11346538
SC575514
06636063
05902702
07092848
12306220
11869921
SC480246
11483608
11643137
04668524
12120394
11850412
11477589
08204355
10620195
10829638
09178057
02715812
00696202
07904149
07937426
10129449
12237103
01392398
11799329
08624711
07865983
11133882
09815560
10327321
04849543
03104247
12058064
11437138
12147492
11355967
11308287
08248272
08354784
SL031254
10754108
11521906
03832927
11231680
11843917
10130952
09550237
10018230
11593128
04781255
SC606848
11918699
04158010
07454941
02666823
09100307
04072599
10798491
00903710
11722535
11176157
09953764
05713081
05098008
03079594
09524588
SC642669
08205718
12161776
11814538
11377062
12049838
OC415699
11377358
00799012
08916506
10866277
04150872
11303922
08391236
07905129
09333454
CS002954
11049023
12145027
SC547056
11032789
10059257
05747571
11845024
11440936
05983198
10684079
10966288
05842201
11176274
06981674
07122895
05991546
05478671
SC023572
11148086
04218093
09495913
12311328
03666591
05756973
08933119
CE001005
OC341140
11769875
11211794
11837858
08244713
09279205
12237427
09807274
11489948
11939444
SC638913
11545299
SC613843
09257571
05167786
07627735
10566389
09465044
07688517
07345797
11532500
08762475
NI635798
03772766
12306834
11014782
05123069
06502965
06020306
07163494
05915181
01750485
11461562
10332135
08485124
12186033
10468597
12135513
10975834
08589956
08342096
10744453
07695562
11508992
07229322
SC381612
SL013714
04340582
12314161
08595822
12016209
08794856
11759465
12042547
04691132
06985452
10685504
11915256
06994403
05370360
12153988
11511381
03561760
10412823
12017063
11566152
11175464
11205795
07845172
12155287
12185440
04592330
04920070
11996550
07661416
05994664
10818561
08664862
10712553
11825179
11990886
05673644
07463281
11237966
12171930
05882275
08847040
03463258
09036906
11130886
10555108
10431816
11386339
03959495
10111872
CE018551
01398561
10187956
10013358
12165038
09918288
11832566
08588867
07878676
08403723
OC411661
09509323
04265637
OC366367
10454057
08843108
10746808
12011780
04549022
07885331
NI651074
08428521
11479036
11097614
02129187
11814895
SC168795
01528129
05247237
04685035
09278333
04863623
03113138
LP012032
02929519
11018145
11177700
11584289
12036382
02156921
06025405
NI062427
07621385
SL028512
10303344
11897347
11768575
08122379
10950968
04499466
10717982
11083319
11030660
08920255
10881625
01664664
11235913
04481379
03404607
NI663182
07509991
09435584
08404375
08650081
SC583434
10869094
11877776
04537260
12331031
03877111
07307714
09676330
10991631
11109797
10550546
07943578
SC646430
11303557
06863503
12105730
10174147
09038859
11933317
08476572
08540004
03934770
10879735
11248351
09210788
06791116
11887160
09699612
11624442
10000547
08536199
04286782
11042369
07382275
08834201
05846732
04079261
10828066
09464559
12064618
11365090
OC349368
01309800
SC613735
10461010
12258835
09765040
FC029735
06251900
08364647
09792873
SC414533
SC586798
11545068
12184589
00988262
08439376
09581409
12043922
02849501
05677536
NI609088
05781220
09597618
01554312
05654137
07504194
05753718
09525382
09388038
06321656
08316145
11217924
10253712
07850835
NI068815
11606064
09532331
10443991
04199295
07861171
00996523
12131998
06027937
11204659
09340608
10488779
11743178
02354156
06885209
11964911
10189643
08696581
11089228
NI658843
11664690
09351345
IP11937R
10188772
10264529
NF003492
10275095
06414480
11466355
04837853
11204269
07694223
NI619612
08141873
08656467
11155802
12094460
05491877
SC231723
11009236
11872682
03928392
11651610
05927725
07494388
11785687
10845259
11782199
11796394
09151302
03072256
11698412
11771047
12037561
11785176
06560912
09286449
10977317
11845247
09513273
09592998
07734668
06437221
10327875
SL030655
07743597
12327439
08902674
11368032
07799119
08792808
04675713
03834047
09837862
09358923
11086975
OC323905
09916820
10502709
05300620
07918653
10332565
05124692
10967562
10962090
02488940
SC555865
12337748
NI045239
12251061
11094138
10184991
11379456
11236401
06513275
08319008
SC636405
09915317
08277359
04265207
12297544
06719727
08637973
07348875
SC371562
12232974
10019094
05465786
10472006
07210528
SC498176
06769641
06273302
11532956
09692907
06929486
11258807
09224437
11788908
12331998
06298945
11685475
07915048
11891785
12252584
04292383
09830442
11088415
01974167
08299455
05222641
07573351
11449755
11047534
12334964
06308388
04551260
09631478
08857665
06743851
05141577
09975645
05226380
10195005
01186669
CE009575
05341009
10094158
08223444
12166032
11317190
09121195
10607213
10396471
09947304
03425659
06748971
11188564
02329774
10721840
05470395
04209732
NI644051
SL019556
11004819
10498034
10420836
07957655
07919507
01010662
10824742
09270926
SC613045
03777473
09919582
11608762
10972196
11810334
02864189
07550887
06692224
10527119
SC227709
12172510
01611803
05878447
SC631443
08352104
SC565939
11795446
SC523896
12089959
02521447
09834314
08395963
10877812
02281402
04590958
08434724
09845533
11648749
10862578
CE004240
07680453
07005581
11874014
11377289
11257381
SC552627
10451885
06852871
07327117
09305883
05236610
00501906
10650450
12081142
02510187
LP013419
02126524
11295180
11560547
SC306581
07586116
11391006
10216761
06437281
09863762
09344257
07197210
08070487
11354350
11867680
06839385
10786364
11339974
11438582
11538812
05719153
05531304
08687095
03784646
05092840
08461524
11376222
10510605
01453781
11193799
07687982
10259521
05353523
08057766
04539209
10573151
04463119
08699948
11681765
12312594
12225046
10268317
11828346
09129109
08088986
07414885
08778802
05894604
04000036
09879667
10328816
11468738
09837205
05613495
05308344
06052599
11513410
NI617698
03225564
09692502
11216053
09179958
12098041
05365356
11144504
SC121576
12325695
09081888
11816121
08450677
08998699
NI637125
11710704
11025446
11616122
NI047376
10454087
12091621
09660240
02539133
10294090
11980569
11277382
10669188
09927396
05505000
09735845
12276863
11769022
10324339
11640188
07692559
11979085
12119641
08698173
03155025
11322863
05803696
03020733
11038027
04395926
05641424
12136511
06742252
11250966
08634844
11991092
11574670
07886459
11561869
01488194
11814189
09889199
10147845
04816676
11869109
12188718
10498365
11940763
12024369
06701382
12263989
09592518
10376579
SC484258
10643018
05657051
SC425357
11693728
SC006860
11021526
02804359
07519288
07036453
11660052
10818821
02545535
10792367
12010898
06699773
09144931
03520013
11116148
06764215
01657494
07529269
SC519686
03920007
08349896
06886996
08922344
11584362
05666761
02448011
10422054
11964119
04234633
00440915
11233637
01579013
SC601539
12315775
08199057
OC321131
07798234
01838569
08847382
11780769
11536075
02271605
NI070366
01290847
10929270
02397948
11226986
07865037
07433169
11922572
09251169
11328955
09103470
11949156
SL017593
06021143
01575837
01807762
10481815
11554983
SC622599
04477632
06191709
10213015
07354779
10856190
09102619
11474144
02693396
09576157
09318592
12074149
06680866
10883512
10095227
06715759
11782781
05315688
06003727
09972676
05643474
10118182
06726999
12041041
09949414
09672460
10104644
03972097
08267810
08095318
11891996
03986440
04185860
SC595845
11592510
04561477
09809451
10883237
05712404
SC525970
08833693
04011889
09215606
12166003
11747715
11311634
12034628
03241812
07193464
12151384
10392202
05337698
07750344
11103751
11054802
SC627412
07135052
11966777
05261258
12071944
11220199
02053762
10149400
09709102
11572500
12085449
12248668
08079267
SC605667
02552554
04262158
04106197
02368741
10190985
12074417
08704467
08132524
07203945
12052114
09490674
06802442
10606157
06420848
11322598
10788794
06219875
01636956
09537160
05142929
00934407
10355365
11802080
11886007
07400909
11900833
07252221
11912542
07675989
06555787
04078255
08973508
10972504
11847005
11606843
11390301
02879075
04344997
11933430
11608232
10659912
11966705
SL012501
SC415319
11003497
09270521
03990006
10726645
11985158
10632857
08926777
08821404
SC634753
09906491
10512729
11701027
00707104
11421888
11856052
09092693
11547507
05824765
12011008
06894753
09768921
11930439
11048818
08136975
11389827
10000495
NC000202
01633921
10239097
07988571
09290974
09554606
11803512
11328583
11386234
12010150
11918845
12328603
10517102
11999326
06057944
SC543274
09790310
11739876
10103099
04515593
09399177
12319352
11277348
08583603
10885463
SC392756
00353422
03434493
04741473
04775416
09447037
01648906
11904637
08194476
04611248
07178773
03974039
07537438
08732035
OC373321
09379079
11787586
08269948
10753729
05125458
11668597
08298351
09770259
00188377
SC273857
08081582
07996935
11602797
12142323
09572895
NI654111
05616709
12127082
09878800
09552956
07092680
LP006481
04552873
SC622645
NI615526
11017005
11842290
06572975
06413255
11663402
12123146
09465740
07070069
04952586
12307046
03928098
11707423
03294943
08178215
11037960
04604773
10792334
06323102
04082825
10130459
06354031
11617146
SC568052
11649038
11216465
02279649
11971725
11217960
10687798
11805623
11190148
11384075
12183719
08874588
10305848
10016641
00441035
08506862
02983733
08688045
08056203
12101128
10981530
09769286
08101661
12063128
LP005668
CE010335
11732896
06409121
06518850
01977723
11243489
11598816
09045496
04028522
11125456
06607590
11446372
09715594
09312450
11470565
11326984
11966606
06748805
09015115
05861109
10736566
10344174
09989091
08769975
09023359
00793591
11909191
SC513703
SL033075
09962170
05846273
06799243
NI061821
05065622
09478072
07002878
08715235
11572699
09782079
11685433
11669736
04706550
11533750
11636587
04019337
12059019
10457386
11759524
12019713
05542571
11740278
OC403316
11432312
09615955
10927383
05292389
11949989
05103823
11209214
11984252
03462245
09227660
01575997
07208122
11522428
06187089
06303099
LP008931
07003082
10305986
04219664
11013098
SC458520
09496528
05793739
01597252
04254217
11611806
10107647
03694804
11474265
05481748
11480226
10867316
09619410
02997160
11512063
04275488
11946720
04320285
12177813
NI616586
11428916
OC305653
12078821
09744386
06109865
10430607
07351970
10785401
08629374
08320332
10924622
08262331
11898412
09178989
11637355
05962980
03893188
07051323
07443328
10609871
09638909
09125299
00232997
10860437
11640268
12101257
09052594
06156444
11855935
FC033777
01408058
09654225
11170794
03178104
09577098
06753229
03434626
06191664
10961520
06969087
12010164
02798893
SC624041
SC481614
04869150
OC402431
08027153
NI661587
NI061610
12220862
SC251936
11701533
09659451
SC532321
07212579
04244757
08066648
12282968
07313137
LP018870
09866532
08887316
10007283
09229648
01103326
03679704
08264177
08847516
08401503
11827775
SC618738
OC402258
11945982
SL016957
03786148
10003792
06445375
10965445
10573523
10971643
12322638
09827457
12004369
11278715
SC216645
08311210
10341406
09238696
11572872
05222713
05529446
03580710
11842672
SC245332
09831515
11069791
11821913
09118091
04695412
11676242
02598202
10062112
11619302
05734738
06043919
NI635660
SC547922
LP005426
06017632
02401215
10110337
04918710
SL033874
07485204
10792665
10749066
07469345
06715777
09232965
09222066
07900235
10848749
03184580
OC332042
08815996
11996162
05933413
09481266
10732985
06690210
03102365
09368202
11943960
10564352
06561122
08894888
11193092
08231506
08807980
02859127
10350115
NI647527
10232985
10538111
11987805
11995089
11951372
11393586
11581666
11866533
09070936
09912167
11167733
07504048
12112070
04793716
09498817
10393330
03996517
08359330
03264240
03496422
10225153
07642673
00639453
OC338680
05857326
SL033340
09353179
SC165372
11427693
06149835
05293347
12206286
08773671
09526114
11520534
10317631
11016248
05755566
09911297
11105280
08656028
03637220
00619325
06755131
09499187
11555570
11011571
11581712
SC488620
09216084
03163736
09272676
08126766
08533406
08283052
07889479
12185334
11050680
04101002
08837115
08791356
06888058
06418465
06426479
04998092
11344284
11735083
08906295
06882491
07950814
SC553420
05969214
06142947
10426846
09939547
02324696
08650851
10456050
01135507
12142109
12184305
02505197
09471279
04610746
11930074
07689383
06919503
06531343
09217297
08914735
11929097
04284728
12066691
11748627
07368583
SC600440
11434645
02403086
09073366
NI046536
11647844
10592751
07893925
11560143
09336360
09285934
10237416
10635782
11161858
08929434
09680666
04687232
11869991
11027030
12058677
10679438
10804437
11371540
07911107
02009460
11813609
07148353
09713665
FC014668
11560097
04827803
11677989
10660603
08117186
09577610
03215965
12278101
04871766
09046948
11895807
10972408
05172281
03997559
05833312
10382517
10972680
09522831
08695983
11811518
11838685
CS002840
04610544
SC399260
11425085
11666764
10385792
08721388
SC640173
11142950
08943558
11879858
12018659
05065382
09845753
01271125
09184002
06428472
01759747
01307187
11711683
12325940
10214949
11782880
09802866
09561767
SC089044
12212959
08702423
12208040
09956706
06879324
02910340
06670414
11573420
09680524
04773621
05475889
11863934
10967651
12074754
12215288
08385568
09398366
01326821
02201090
05978414
SC547380
SC628702
10901927
12214866
07545823
03366670
04676508
SL032702
07453611
11499480
00562664
11488054
SC329683
06985105
05168118
11840216
10997899
06490066
11584493
10265378
08646118
LP004330
01057484
SL023664
11404349
09880131
10144838
09674457
00932971
02488820
06849727
03051816
03192909
SC415711
10441524
08707729
08941977
04577846
10493833
12041380
00126103
08462794
09871121
10802961
05060875
11200206
10726053
12214415
04061406
05831679
07305833
12307426
04547400
11274733
07329990
11731785
06796578
05074759
11560904
11817888
10000832
11649077
12194508
12248023
01948497
01385215
02346565
12253690
06713026
12327812
10204176
12034948
10918031
09825047
00513040
09247903
10865875
11842124
01715789
05526331
05080026
OC357768
09369765
06058751
09443925
SC542955
07940736
06582888
10337444
09472778
01664795
11869065
SC584576
01272660
12165765
10571625
SC308418
10058269
10094965
10502386
04698687
11847342
11257494
07961335
SL013773
12105848
10695163
11984011
05300005
07942744
05363083
11831001
11360064
SC640017
09060055
12285417
04100212
01095145
11733360
09753076
12004947
02703213
11270378
11470535
09278328
09720158
11501639
01037515
08772286
04295395
07044094
10238839
11065940
12195670
RS004048
12059344
12177181
08982461
11021369
12113205
10560116
11888157
11212797
09923805
11567965
06585778
09287494
04427295
06658452
03753821
11208476
12034983
01338903
11467467
08675660
12284823
SC603008
11975515
09534226
11199131
09352718
10848296
11528843
SC576645
11685516
12049544
NI645846
08614248
10693104
06933841
11400102
06146820
12289639
10509993
11142095
SC604243
SC351273
12187487
NI041095
09773686
05318546
08344441
12304880
10390237
05316278
NI666004
11704030
01427331
10017012
01365382
10722707
07741367
00434050
11707881
12115181
02670875
08741794
11798966
SC580204
08864658
03012284
07491760
04470335
10106471
12195578
06661835
06488433
12094823
01707350
09479581
08242847
11063396
09678652
SC431656
09142540
09535702
11861129
00462727
07384858
12317863
08199829
06518457
09339292
10391699
01589856
09461498
11804890
11856829
11729000
03047613
12122474
09876355
03943525
12179676
11279714
11555510
01463413
12318086
07622368
12290942
10414958
08836450
12252289
11775949
06001605
10741564
11480360
10211164
06689092
10379403
11376525
03794762
SC594299
12017369
11529626
04075460
11514555
09429803
NI042072
09857209
11794348
SC546525
05702447
12033146
10878697
01108292
09314384
08964930
11175585
10214720
11155024
08749197
04389975
11355061
07774972
09805211
09076902
11124826
11129763
10291560
10750642
12303780
07420999
11491552
LP010405
11405854
10766510
SC601554
09978192
12196020
05271883
11086846
NI653694
09339640
10750802
10649407
04683171
09531275
03753007
11875626
03612818
12174353
10938418
10023090
11297577
10880874
12103601
12289075
03059910
05638655
09492358
SC610050
SC431770
09283246
07416018
09180432
01639747
09629963
05462141
11420153
08122529
09603742
10720805
11599044
12000922
09340249
09165915
11283210
04185635
10420285
02505359
08267015
08127836
11777670
04805797
09413324
10411572
10912574
08248711
09215795
SC540333
11485455
10159159
03237032
06843578
09024744
08252018
LP004341
05115875
04310724
12145139
SL006844
11609026
08010437
03058147
09557763
09797370
11878210
03844739
06699214
11739916
09918054
03636777
05682921
06373968
01608211
10962730
10141461
07096491
11377666
00518031
11029053
11054148
09496088
07769282
10103726
11397100
11396380
09533852
00214549
07747671
06474535
07847362
11736268
12235585
07914102
06016525
07734078
SC620191
11348403
03109597
02807925
09184042
SC251306
06944710
05255653
11453760
08858387
07332981
06753758
11962495
04557677
11221363
08882000
07758245
12177492
08522031
04194456
IC001117
11380043
12123780
SC281960
02163826
01630039
09205972
NI658921
05850716
SC484293
03127101
10733319
12131716
11111816
12219339
06141577
03576244
09841762
06215407
01271676
11849348
11944307
SC531491
10715993
10284024
12185885
11822102
11845809
05695259
11150571
08506045
07915069
11768967
01496061
12058672
10403652
10647107
07452048
11501653
03759519
08208186
10026989
10115643
03989587
06411381
11505703
10784735
06122666
04615652
04947911
11272268
05533983
SC455845
09860718
11579803
05266987
05169167
12214180
12330655
11607272
12134846
11064233
01118792
10800320
00996702
11725294
03876557
07696381
11569972
NI636451
12080848
07936869
12245288
OC335231
05701159
09510377
12285974
05881727
10236267
07470736
11587551
04787172
09439635
11721015
05971208
10012730
03885546
02563277
09699066
06494677
09826225
12129926
10158559
SC381997
09780862
11145358
10412638
08967917
01388894
02550836
11575289
11690458
SC473722
10512162
10490003
11605923
07830416
12019866
05062373
11480460
06962947
08772517
IP27911R
SL001546
11191421
11175434
07385315
SC612366
11040325
02232359
01673940
04273729
04786035
09968829
11948996
11979360
08004408
05818868
11859490
11901507
01593558
05091692
10441829
07569730
10641347
06659557
08760533
01283344
00537971
08386699
05341593
12148082
10691082
11713674
11411669
SC566110
10729301
07477770
10280605
11815098
11409579
11378013
09702058
02582835
OC426553
11342935
07158125
07683535
05301219
07741652
12270140
04562782
04446581
11833967
01825146
07413573
12163853
07021710
11130826
01567813
11717666
11230713
03950373
12124117
11773225
12036186
09312920
10504648
10266853
SC568771
07321263
09464823
03150526
01962113
00690611
09150802
07798777
10175969
10538443
11394640
04256122
SC434916
07257280
02331904
06252518
06753966
12187561
12002072
10837556
09656441
11135818
06476010
10632462
07694694
11771920
SC632638
NI068842
10498106
07797859
11412484
12137021
08321820
11566921
06183215
NI034157
02058096
11534517
07289750
02728591
07688698
07651375
12104248
09238840
11616709
07837783
05047591
10601321
08653786
NI042243
03483151
10266023
03920028
11934388
08166499
10280089
10144532
09542884
FC031443
11243295
02999953
02306097
11741112
09906294
11663165
07461756
11674706
10947725
05790036
10702606
10503110
12196516
05848628
09555915
12159939
10591137
11463982
11834195
05465182
08963459
07419648
11479877
03063548
11077304
10324654
07817365
11003137
10203615
11830035
12175574
05299823
12192726
12007246
07012678
12139171
07634383
06459661
11581965
07353073
11940505
11886694
08884665
10185654
01311001
04519599
NI602204
06297293
OC389609
11469954
08319544
NI654746
06013561
09487118
11554914
11952689
08764944
11109838
SC293113
11478686
11118614
12097559
10511120
10118581
09922312
06851933
09631666
11334830
SC461555
10550636
SC603673
07276928
05927086
SL002648
07322007
NI633553
07776779
10183811
07719895
08698084
08617155
08689332
11200892
08647566
08787263
12278399
10641823
06980046
11161138
02798858
06799887
02053344
11649136
09583481
OC381894
11229982
10224830
08556997
05978442
07269819
05177115
08409606
11826476
10461982
08713166
03133059
10074790
10112094
03593365
11993913
09139803
12036014
09182868
OC332811
12217839
08735487
05048261
04405834
11907104
07900683
08131526
05762819
SC541161
08694262
09449221
02792962
08719982
11650016
04580846
03571971
11902492
10308842
09024201
CE004591
05531634
09983534
11979395
05982453
11138474
09755698
02913905
06823382
04250807
12114992
11584697
06183958
SC381106
11143087
01866440
08116485
06092965
00603473
10053263
11419056
05820193
07899956
02844490
09464224
10342837
11861319
09617340
11428062
02071205
10987137
12177696
08920406
11000379
05081660
11285178
11536694
06400989
11098125
11686174
12215855
12217408
11189482
08850146
07147898
06623422
10987373
08806631
08162416
05216012
08965699
06083016
12274746
04150290
11658980
12216370
06133229
06917074
11382710
SC606880
08522443
07587518
11967759
12043734
10624299
12037610
09960491
09204849
05226465
SL033572
10411455
12277991
12015497
11409469
NI611704
11079561
06973912
06794282
05968241
03404899
11475042
07340321
08385190
12185541
11807783
10203621
11156367
11340165
11120984
12031327
08007151
10811434
10914522
11813752
08344017
08481379
06528433
06884369
11040018
09672218
11784850
SC641185
11136899
04759740
12100892
OC327570
07097874
10976210
06307124
08291947
04647410
08393811
11499796
11907142
11318410
05363273
10195556
10265466
11903371
08961643
11520128
07513608
OC417715
11615872
09490415
08970030
11947363
SC384410
11816669
10042695
06859934
06341868
OC370302
08853084
11784327
11566328
02940823
12152708
06692037
06156033
10301475
11318103
11910186
10495177
09485086
07957160
11998747
10875344
09932826
06474654
08909874
04804705
07499414
12157084
11093456
08870913
11840639
12315318
05986911
06855303
11742198
07468571
09795480
11500206
10338580
07997958
10785951
11492267
OC425355
07174554
11676687
07942116
09420589
05761172
NI656497
09251966
10585651
10961189
04493268
05561338
02808390
05090921
08221299
11595429
11201063
11638856
08323498
07823006
08324161
05091147
07795505
SL007379
NI054826
09566585
NI658680
06808621
03745693
11850274
08614448
10991968
05570776
01554843
11834665
10977048
11746577
SC410544
05489411
10897949
07198316
08335498
01592897
SC555864
10505094
06561651
06882535
02271287
11372275
12053328
10656306
04492516
08412250
03325335
11266465
05927186
03851104
10913706
10352747
00978924
08461372
07548595
SC616391
11954609
CE006001
06817088
00668911
08905592
09000829
06470168
09472562
11096247
07097630
08035245
11997012
02813147
LP004085
08923560
10349882
11610296
11736333
11224055
10438240
00468082
05771510
04467930
11960177
11662507
08808458
SC481660
11967088
11526007
12057142
10875363
05906547
03725773
11121380
01000703
07615157
SC033496
07915414
08637984
06948111
04863209
11205239
SC608142
SL000072
09360579
04317807
10734096
09257122
11359738
08045551
07430436
02761932
10751405
10508078
09211202
10537066
12140007
10694337
11084444
11332004
09993681
NP000320
12082070
08353411
04741539
08532480
09087452
11897072
09728094
07999732
01999378
06493365
11637955
10156844
09901274
10980596
09155115
11525810
06763661
11471176
07164897
07738337
06933310
11659862
11501902
04040259
11521002
03343309
12056289
07292379
03887359
SC625573
SC534850
09081225
11654275
NI035616
11828058
10997452
04426602
11797827
06863642
11452470
11855847
08769688
06238413
12338595
05465968
01051202
CE017064
11034260
07610347
OC370215
11626194
08198160
09316443
03076553
11779340
10293880
08229041
10306045
03026300
08240795
NI614102
04669985
10587791
11736370
09515903
12311321
04580841
SC382108
03839164
IP12538R
12000750
08833276
10767281
12333526
10783952
09754361
02933627
04570952
SC422506
11644074
05390470
09519868
10182316
12326183
SC511266
09870876
NI664033
09693866
11910390
11169437
09189367
12327224
05545339
12078246
03864284
02968515
07048254
OC395277
11581787
09731553
01574988
SC624825
LP007312
09702459
10520133
12088030
05760725
12277623
02957910
SC333789
01481036
04640323
07635229
09454584
SL017659
11661946
10944616
02929804
10086131
10389281
10887258
12262182
11709007
02455564
10791300
05364409
12339505
11825161
10862977
11749911
12043624
SC571230
02256478
12123049
05708785
12044848
11951147
11296790
07425151
09159520
09028541
11133986
10001218
11094401
04542785
09266203
11480223
11612144
12280046
11829246
09814247
07526936
10038055
10427533
10941898
09456498
10497752
11972687
10263202
04502418
03452369
12161595
05899325
04669220
12097964
NI061564
09763878
10063772
12043396
11450556
04652540
12088741
10606960
02498870
12011969
00588569
SC123918
10951243
11314855
08214024
09062916
11140086
11999544
12231137
11316339
07437019
07449981
04449262
SC580520
06191031
11978342
07329618
SC180602
03493033
11548139
02777462
11411686
09523309
03688699
OC339361
10097739
12092994
11413810
09798516
12106919
11718195
04596857
10958580
09720106
07558579
09389239
09055956
07648956
12297653
10413507
08306809
09796229
SL012036
11425004
11789604
04847247
08925255
OC312110
08808389
10216434
11759245
OC363202
10215395
SC594050
05152129
04494107
04467155
SL012923
09956668
11470730
07796770
SC470263
SC613535
10121015
10958793
08829514
01810082
10437114
05968166
10464666
11560690
10593093
05171393
10329485
08683519
10845578
10221530
05084262
12334844
10149988
11389792
10583271
11130725
11033567
04719438
09929830
05609074
12025406
09149573
06708029
09296361
11326916
09018018
11121721
05706048
03454114
10532753
SC058557
05979795
11630374
07807106
04711769
10801918
12162536
11547942
11453717
09718444
08472926
10888424
11285089
12031570
04248831
06702450
09449577
12249097
09626669
11225465
09874970
11251038
12297097
05952135
08291872
11162154
07175424
12306658
09901781
12023677
08875889
10778371
10006272
11268461
06913440
SC647785
10837842
08707867
02830341
10852906
10400365
11993445
09318446
06167925
05701881
12230249
10440971
02041101
09682414
12282569
08692776
11962275
12197855
12148571
09856063
02517058
08109653
11768576
03630964
11059555
05161189
09248010
05308615
08946587
11697092
12185421
07424812
07609096
11867617
08647544
00508037
07872947
11623331
09374291
00916266
03844623
05746774
09689942
10795048
12131278
06669652
12209493
08765610
07781590
09253737
